ID,Datetime,Selected,Probability,Median Return Rate,Expected Undelayed Return Rate (random trend),Expected Actual Return Rate (random trend),Matched Trend Count,Interrupted Trend,Interrupted Trend Undelayed Return Rate,Interrupted Trend Actual Return Rate,Hit Rate (after first 30 mins),MDD (all the time),Undelayed Fund Remaining (commns. and fees deducted),Fund Remaining (commns. and fees deducted),Commns. and Fees (2 contracts),yFin Minute Delay,Close Price 1,Close Price 2,Close Price 3,Close Price 4,Close Price 5,Close Price 6,Close Price 7,Close Price 8,Close Price 9,Close Price 10
5,2016-08-01 07:58:00 EDT,3,0.75,-0.0009,-0.0007,-0.0011,8,false,0.0,0.0,0.1667,0.0011,9949.458,9914.458,0.542,1,389.2920710140923,389.27414202818466,389.2203550704615,389.2024260845538,389.17553260569224,389.1665681127384,389.114574053606,389.13071014092293,388.9872782536613,388.96934926775356
5,2016-08-26 10:22:00 EDT,3,0.75,-0.0009,-0.0007,-0.0011,8,false,0.0,0.0,0.1667,0.0011,9949.458,9914.458,0.542,1,389.13018013856816,389.2021080831409,389.1841260969977,389.1661441108545,389.25605404157045,389.1247855427252,389.25605404157045,389.2200900692841,389.13018013856816,389.0402702078522
5,2017-03-10 07:59:00 EST,3,0.75,-0.0009,-0.0007,-0.0011,8,false,0.0,0.0,0.1667,0.0011,9949.458,9914.458,0.542,1,389.3757285159548,389.4743212898869,389.4414570319095,389.3921606449435,389.3921606449435,389.32643212898876,389.27713574202266,389.2015479486747,389.0142216782037,388.8334682593281
5,2019-03-28 06:56:00 EDT,3,0.75,-0.0009,-0.0007,-0.0011,8,false,0.0,0.0,0.1667,0.0011,9949.458,9914.458,0.542,1,389.35177028294373,389.4489104758361,389.3240159421174,389.18524423798544,389.11585838591947,388.9215780001348,388.83137639244904,388.7293791899121,388.65791176228413,388.64403459187093
5,2021-01-21 06:41:00 EST,3,0.75,-0.0009,-0.0007,-0.0011,8,false,0.0,0.0,0.1667,0.0011,9949.458,9914.458,0.542,1,389.2187317009638,389.2187317009638,389.14774524615785,389.1363874133889,389.2592953894244,389.35056368846057,389.40126829903625,389.47225475384215,389.4671842927846,389.4316910653816
5,2022-08-24 09:32:00 EDT,3,0.75,-0.0009,-0.0007,-0.0011,8,false,0.0,0.0,0.1667,0.0011,9949.458,9914.458,0.542,1,389.3288678605181,389.21566069740953,389.30056606974097,389.2345285579276,389.2675473138343,389.25339641844573,389.22509462766857,389.3283018247025,389.42377319892404,389.30056606974097
5,2022-12-15 07:51:00 EST,3,0.75,-0.0009,-0.0007,-0.0011,8,false,0.0,0.0,0.1667,0.0011,9949.458,9914.458,0.542,1,389.4801,389.53,389.27,389.33,389.2511,389.01,388.88,388.76,388.87,388.87
5,2023-04-17 07:49:00 EDT,3,0.75,-0.0009,-0.0007,-0.0011,8,false,0.0,0.0,0.1667,0.0011,9949.458,9914.458,0.542,1,389.4046477845986,389.4945631799672,389.5608166291862,389.6554644137847,389.5892109645658,389.74064741992345,389.70449196620683,389.707520695314,389.6933235276242,389.57028140764606
15,2018-12-18 08:34:00 EST,3,1.0,-0.0012,-0.0012,-0.0008,5,true,-0.0014417082294264666,-0.0005102493390303258,0.125,0.0011,9838.916,9878.916,0.542,1,388.6881717581047,388.67301940461346,388.71847646508735,388.74878117206987,388.6881717581047,388.57452910692024,388.30936292082293,388.53664822319206,388.3548199812968,388.4154293952618
15,2018-12-27 08:25:00 EST,3,1.0,-0.0012,-0.0012,-0.0008,5,true,-0.0014417082294264666,-0.0005102493390303258,0.125,0.0011,9838.916,9878.916,0.542,1,388.9264070205976,388.8377674168014,389.060978055452,388.8377674168014,388.70496917402295,388.48320900161633,388.418743835219,388.61213933441087,388.75718595880477,388.7249533756061
15,2020-01-30 07:33:00 EST,3,1.0,-0.0012,-0.0012,-0.0008,5,true,-0.0014417082294264666,-0.0005102493390303258,0.125,0.0011,9838.916,9878.916,0.542,1,388.7382283901177,388.846041525476,388.85802076273797,388.81154132216125,388.91791694904816,388.47468517035304,388.16334479391287,388.1512457642782,388.19916271332636,388.33081453083605
15,2020-10-01 08:07:00 EDT,3,1.0,-0.0012,-0.0012,-0.0008,5,true,-0.0014417082294264666,-0.0005102493390303258,0.125,0.0011,9838.916,9878.916,0.542,1,388.9046483516484,389.04324175824183,388.9623956043956,388.87,388.8988736263737,388.9623956043956,389.0201428571429,388.95084615384616,388.97971978021985,388.6852087912089
15,2022-12-15 08:01:00 EST,3,1.0,-0.0012,-0.0012,-0.0008,5,true,-0.0014417082294264666,-0.0005102493390303258,0.125,0.0011,9838.916,9878.916,0.542,1,388.735,388.9211,388.81,388.54,388.59,388.48,388.09,388.075,388.0995,388.18
56,2016-06-06 05:36:00 EDT,3,0.7,0.001,-0.0005,-0.0003,20,true,-0.0005812811751306857,-0.00034414096381317,0.0526,0.0026,9793.374,9853.374,0.542,1,388.58077793335866,388.6158365767989,388.6342884943991,388.7265480823998,388.874163423201,388.9110672584014,388.89261534080117,388.98487492880196,388.9110672584014,389.10481239320296
56,2017-10-09 05:34:00 EDT,3,0.7,0.001,-0.0005,-0.0003,20,true,-0.0005812811751306857,-0.00034414096381317,0.0526,0.0026,9793.374,9853.374,0.542,1,388.8060730136287,388.8518777738502,388.836609520443,388.7984388869251,388.6991952397785,388.6991952397785,388.7282049212521,388.65339047955695,388.5190298495738,388.5312444522996
56,2018-04-11 07:30:00 EDT,3,0.7,0.001,-0.0005,-0.0003,20,true,-0.0005812811751306857,-0.00034414096381317,0.0526,0.0026,9793.374,9853.374,0.542,1,388.715589726131,388.6861794522621,388.6273589045241,388.78911541080345,388.7817628423362,388.78911541080345,388.6273589045241,388.87734623241033,388.78911541080345,388.78911541080345
56,2018-04-23 11:07:00 EDT,3,0.7,0.001,-0.0005,-0.0003,20,true,-0.0005812811751306857,-0.00034414096381317,0.0526,0.0026,9793.374,9853.374,0.542,1,388.68654210526313,388.82684105263155,388.8034578947369,388.67192763157897,388.7157710526316,388.67192763157897,388.8619157894737,388.9203736842106,388.7888434210526,388.8473013157895
56,2019-01-11 05:07:00 EST,3,0.7,0.001,-0.0005,-0.0003,20,true,-0.0005812811751306857,-0.00034414096381317,0.0526,0.0026,9793.374,9853.374,0.542,1,388.98257309289147,389.0315961120596,389.07684812975316,389.1824361710383,389.212604182834,389.0315961120596,388.94109207667236,388.9561760825702,388.83550403538715,388.51873991153184
56,2019-01-16 06:21:00 EST,3,0.7,0.001,-0.0005,-0.0003,20,true,-0.0005812811751306857,-0.00034414096381317,0.0526,0.0026,9793.374,9853.374,0.542,1,388.8342299158378,388.8193582631982,388.77474330527934,388.87884487375675,388.84597852142315,388.77474330527934,388.67064173680194,388.5070535577659,388.626026778883,388.8342299158378
56,2019-02-04 11:00:00 EST,3,0.7,0.001,-0.0005,-0.0003,20,true,-0.0005812811751306857,-0.00034414096381317,0.0526,0.0026,9793.374,9853.374,0.542,1,389.00246596511886,389.76056019574656,390.0323298255943,389.83207851939073,389.9465078372213,389.9179005077637,390.0749547464861,390.0609371550519,390.0180261608654,389.9751151666789
56,2019-05-29 11:25:00 EDT,3,0.7,0.001,-0.0005,-0.0003,20,true,-0.0005812811751306857,-0.00034414096381317,0.0526,0.0026,9793.374,9853.374,0.542,1,388.66099848741317,388.77300050419564,388.70299924370653,388.84300176468474,388.77300050419564,388.9410035293694,388.8290015125869,388.8290015125869,388.87800239492924,389.1370070587388
56,2020-01-30 06:40:00 EST,3,0.7,0.001,-0.0005,-0.0003,20,true,-0.0005812811751306857,-0.00034414096381317,0.0526,0.0026,9793.374,9853.374,0.542,1,388.6015340140239,388.79282199532537,388.8884659859761,388.9542212295485,388.780866496494,388.7213281123139,388.75695549883136,388.87651048714474,389.07975396727767,389.11562046377173
56,2020-06-05 07:55:00 EDT,3,0.7,0.001,-0.0005,-0.0003,20,true,-0.0005812811751306857,-0.00034414096381317,0.0526,0.0026,9793.374,9853.374,0.542,1,388.6237710106964,388.46508226369787,388.45405042567126,388.47829622353197,388.2600840427854,388.32069853743724,388.38119180309974,388.211592447064,388.1509779524122,388.07824055883
56,2020-06-22 07:20:00 EDT,3,0.7,0.001,-0.0005,-0.0003,20,true,-0.0005812811751306857,-0.00034414096381317,0.0526,0.0026,9793.374,9853.374,0.542,1,388.68210034949203,388.6946802795936,388.64436055918713,388.8330595107113,388.9211190214226,388.9211190214226,388.9314345641059,388.8582193709145,388.89595916121937,388.85192940586376
56,2021-02-10 09:30:00 EST,3,0.7,0.001,-0.0005,-0.0003,20,true,-0.0005812811751306857,-0.00034414096381317,0.0526,0.0026,9793.374,9853.374,0.542,1,388.98414184651665,388.9542491157021,389.1524379210028,389.243212180243,389.2930333982673,389.3029976418722,389.2332479366382,389.2631406674528,389.2033552058236,389.11367701337986
56,2021-02-17 05:13:00 EST,3,0.7,0.001,-0.0005,-0.0003,20,true,-0.0005812811751306857,-0.00034414096381317,0.0526,0.0026,9793.374,9853.374,0.542,1,388.4342264066611,388.1889833473808,388.2138055193728,388.114516831405,388.0946590938115,387.95069049625835,388.0946590938115,388.1889833473808,388.1691256097873,387.7322553827293
56,2021-04-05 07:40:00 EDT,3,0.7,0.001,-0.0005,-0.0003,20,true,-0.0005812811751306857,-0.00034414096381317,0.0526,0.0026,9793.374,9853.374,0.542,1,388.7736967273622,388.7832623031496,388.7832623031496,388.75934836368117,388.7354344242126,388.72586884842525,388.6732581815945,388.63977866633866,388.70673769685044,388.69717212106303
56,2022-12-07 10:59:00 EST,3,0.7,0.001,-0.0005,-0.0003,20,true,-0.0005812811751306857,-0.00034414096381317,0.0526,0.0026,9793.374,9853.374,0.542,1,388.58689725731426,388.49796446455355,390.31614600543963,389.9702962558145,389.84183777738235,389.52563229201087,389.3477667064894,389.3280038636537,389.21930822805723,389.446580920668
56,2022-12-13 08:15:00 EST,3,0.7,0.001,-0.0005,-0.0003,20,true,-0.0005812811751306857,-0.00034414096381317,0.0526,0.0026,9793.374,9853.374,0.542,1,388.91970376750805,388.94882106209275,388.9585268269543,389.5991073078172,389.64753907447636,389.6495772850973,389.64753907447636,389.72528225101746,389.7883697226176,390.1717474346491
56,2022-12-15 08:42:00 EST,3,0.7,0.001,-0.0005,-0.0003,20,true,-0.0005812811751306857,-0.00034414096381317,0.0526,0.0026,9793.374,9853.374,0.542,1,388.665,388.595,388.24,388.31,388.45,388.31,388.37,388.315,388.23,388.34
56,2023-06-27 07:32:00 EDT,3,0.7,0.001,-0.0005,-0.0003,20,true,-0.0005812811751306857,-0.00034414096381317,0.0526,0.0026,9793.374,9853.374,0.542,1,388.7092498317469,388.7539599419181,388.6822804065734,388.7240337359117,388.6912403484915,388.9062789545256,388.8659592158942,388.9515266612119,388.96899854795214,388.91523889644367
56,2023-10-04 07:10:00 EDT,3,0.7,0.001,-0.0005,-0.0003,20,true,-0.0005812811751306857,-0.00034414096381317,0.0526,0.0026,9793.374,9853.374,0.542,1,388.71734181568087,388.9662654745529,389.15065337001374,389.04002063273725,389.03817675378264,388.9662654745529,389.10455639614855,389.04002063273725,389.4226255158184,389.6899879642366
56,2024-08-22 12:23:00 EDT,3,0.7,0.001,-0.0005,-0.0003,20,true,-0.0005812811751306857,-0.00034414096381317,0.0526,0.0026,9793.374,9853.374,0.542,1,388.88405352959063,388.87710085311113,388.9049115590292,389.14137208609804,389.1232256004865,389.0787284710175,389.12739720637416,389.26937086008616,389.1969239711695,389.2525453830057
70,2017-03-08 05:17:00 EST,3,0.7143,0.001,0.001,0.0007,7,true,0.001011889704022128,-0.5645684070639506,0.0563,0.0026,9867.832,-33997.168,0.542,1,388.228184079602,388.24618905472636,388.23636815920395,388.187263681592,388.28547263681594,388.43278606965174,388.3182089552239,388.4000497512438,388.388592039801,388.6128358208955
70,2018-11-29 10:20:00 EST,3,0.7143,0.001,0.001,0.0007,7,true,0.001011889704022128,-0.5645684070639506,0.0563,0.0026,9867.832,-33997.168,0.542,1,387.9872203648521,388.1917842866488,388.0859753615815,387.95195072316307,387.8531957264336,387.76854858637984,387.75429965113744,387.76854858637984,387.8673035831093,387.8531957264336
70,2020-12-07 07:00:00 EST,3,0.7143,0.001,0.001,0.0007,7,true,0.001011889704022128,-0.5645684070639506,0.0563,0.0026,9867.832,-33997.168,0.542,1,388.39873364928917,388.21474312796215,388.2620549763034,388.29359620853086,388.3409080568721,388.3967360379147,388.3640382938389,388.3146236966825,388.34616492891,388.2567981042655
70,2021-01-14 07:45:00 EST,3,0.7143,0.001,0.001,0.0007,7,true,0.001011889704022128,-0.5645684070639506,0.0563,0.0026,9867.832,-33997.168,0.542,1,388.1434118946787,387.9340710734671,388.0462981771313,388.08724728410976,388.07703553673355,388.1995765052476,388.34764684220215,388.43444669489963,388.45487018965196,388.5263524212852
70,2022-12-15 08:56:00 EST,3,0.7143,0.001,0.001,0.0007,7,true,0.001011889704022128,-0.5645684070639506,0.0563,0.0026,9867.832,-33997.168,0.542,1,388.36,388.47,388.62,388.6,388.7501,388.7609,388.7141,388.78,388.7399,388.6
70,2024-02-13 07:32:00 EST,3,0.7143,0.001,0.001,0.0007,7,true,0.001011889704022128,-0.5645684070639506,0.0563,0.0026,9867.832,-33997.168,0.542,1,388.4082863860586,388.53394145236945,388.58809635290316,388.6085025473072,388.6085025473072,388.51824437975097,388.64382096069875,388.620275351771,388.6830636422449,388.62812388808027
70,2024-09-09 14:33:00 EDT,3,0.7143,0.001,0.001,0.0007,7,true,0.001011889704022128,-0.5645684070639506,0.0563,0.0026,9867.832,-33997.168,0.542,1,388.2271221266213,388.2769770129703,388.1843893668935,388.13866531398486,387.94935918839093,387.93511493514836,387.7000847566457,387.8262176191088,387.9039912418133,388.03482470784644
73,2016-09-16 06:33:00 EDT,3,0.7273,0.0012,-0.0002,-0.0001,11,true,-0.00015413514487166738,-0.29200460682720786,0.0676,0.0026,9857.29,-56687.71,0.542,1,388.5652647887324,388.38281408450706,388.4284267605634,388.5652647887324,388.43754929577466,388.43754929577466,388.5287746478873,388.97577887323945,388.80245070422535,389.14910704225355
73,2018-03-13 08:32:00 EDT,3,0.7273,0.0012,-0.0002,-0.0001,11,true,-0.00015413514487166738,-0.29200460682720786,0.0676,0.0026,9857.29,-56687.71,0.542,1,388.85778217679245,388.96967967175357,388.88575655053273,388.9277181111432,388.81582061618207,388.85778217679245,388.8997437374029,388.98366685862374,388.9417052980133,388.78784624244173
73,2018-03-19 11:40:00 EDT,3,0.7273,0.0012,-0.0002,-0.0001,11,true,-0.00015413514487166738,-0.29200460682720786,0.0676,0.0026,9857.29,-56687.71,0.542,1,388.7150544408784,388.513423808712,388.5926358427774,388.76546209892007,388.833152382576,388.5278259967239,389.05350585915784,389.17592445725893,389.03190257714,389.1039135171995
73,2020-09-30 07:48:00 EDT,3,0.7273,0.0012,-0.0002,-0.0001,11,true,-0.00015413514487166738,-0.29200460682720786,0.0676,0.0026,9857.29,-56687.71,0.542,1,388.57383738195637,388.6546219635327,388.7584878541308,388.8161911266853,388.6561222486191,388.6639698936865,388.6777032725545,388.71232523608717,388.79310981766344,388.6084593454891
73,2021-07-22 08:30:00 EDT,3,0.7273,0.0012,-0.0002,-0.0001,11,true,-0.00015413514487166738,-0.29200460682720786,0.0676,0.0026,9857.29,-56687.71,0.542,1,388.6110511893523,388.6021023787045,388.5663071361135,388.5931535680568,388.5752559467613,388.6021023787045,388.6915904851821,388.72747521587956,388.8347714555461,388.8705666981371
73,2021-09-16 07:27:00 EDT,3,0.7273,0.0012,-0.0002,-0.0001,11,true,-0.00015413514487166738,-0.29200460682720786,0.0676,0.0026,9857.29,-56687.71,0.542,1,388.4322418849227,388.55450298311257,388.65056527454755,388.5545903124684,388.61563353220754,388.60690059662255,388.6942299524724,388.56323591869756,388.51957124077256,388.4322418849227
73,2022-08-08 09:09:00 EDT,3,0.7273,0.0012,-0.0002,-0.0001,11,true,-0.00015413514487166738,-0.29200460682720786,0.0676,0.0026,9857.29,-56687.71,0.542,1,388.5072394032449,388.5542229852262,388.4790492540562,388.4696525376599,388.7421573131513,388.85961626810456,388.8549179099064,388.9394883574728,389.0992325362091,389.1555188674227
73,2022-10-25 11:07:00 EDT,3,0.7273,0.0012,-0.0002,-0.0001,11,true,-0.00015413514487166738,-0.29200460682720786,0.0676,0.0026,9857.29,-56687.71,0.542,1,388.6193929393387,388.6301176776881,388.64529419422024,388.7565886487894,388.72623561572505,388.6655295495964,388.7565886487894,388.8577654256703,388.92858916948705,388.8324712314501
73,2022-12-15 08:59:00 EST,3,0.7273,0.0012,-0.0002,-0.0001,11,true,-0.00015413514487166738,-0.29200460682720786,0.0676,0.0026,9857.29,-56687.71,0.542,1,388.6,388.7501,388.7609,388.7141,388.78,388.7399,388.6,388.37,388.39,388.5601
73,2024-01-31 06:03:00 EST,3,0.7273,0.0012,-0.0002,-0.0001,11,true,-0.00015413514487166738,-0.29200460682720786,0.0676,0.0026,9857.29,-56687.71,0.542,1,388.6000498983552,388.7716207725005,388.71576048789507,388.6998004065792,388.68384032526336,388.6599002032896,388.723740528553,388.8474311587507,388.7636407318426,388.7117704675661
73,2024-09-05 13:37:00 EDT,3,0.7273,0.0012,-0.0002,-0.0001,11,true,-0.00015413514487166738,-0.29200460682720786,0.0676,0.0026,9857.29,-56687.71,0.542,1,388.91039020211775,388.8112325721263,388.70570052306397,388.82539794783935,388.88205945069154,388.9050781862253,389.05912664710485,389.3920129763618,389.43450910350106,389.74614736918835
96,2018-03-21 06:41:00 EDT,3,1.0,0.0006,0.0004,0.0009,4,true,-0.0008859026427511716,-0.00013863048934022344,0.0619,0.0026,9791.748,-56698.252,0.542,1,388.62737044145865,388.6417130518234,388.7134261036467,388.7564539347408,388.84250959692895,388.9256967370441,388.9429078694817,388.8568522072936,388.928565259117,388.79948176583486
96,2021-04-09 11:19:00 EDT,3,1.0,0.0006,0.0004,0.0009,4,true,-0.0008859026427511716,-0.00013863048934022344,0.0619,0.0026,9791.748,-56698.252,0.542,1,388.5320731558527,388.57,388.6079268441473,388.7122256655523,388.84496962006784,388.8905766501549,388.98245443010177,389.00615870769377,389.11993924013564,389.12468009565407
96,2021-07-22 06:03:00 EDT,3,1.0,0.0006,0.0004,0.0009,4,true,-0.0008859026427511716,-0.00013863048934022344,0.0619,0.0026,9791.748,-56698.252,0.542,1,388.4224706329027,388.52082354430087,388.3867059378487,388.3554118296766,388.22576481010617,388.31616007685494,388.44929415419307,388.504640019789,388.6459999769896,388.7264705408608
96,2022-12-15 09:22:00 EST,3,1.0,0.0006,0.0004,0.0009,4,true,-0.0008859026427511716,-0.00013863048934022344,0.0619,0.0026,9791.748,-56698.252,0.542,1,388.37,388.595,388.62,388.38,388.405,388.23,388.22,388.26,388.37,388.725
161,2016-11-17 07:53:00 EST,3,0.7333,0.0005,0.0007,0.0001,15,true,0.0005686664771110176,-0.00019505124563319918,0.0432,0.0026,9831.206,-56713.794,0.542,1,389.7756268568034,389.7756268568034,389.68655971479507,389.71327985739754,389.74,389.7756268568034,389.75781342840173,389.81125371360673,389.8290671420084,389.900320855615
161,2017-06-13 06:59:00 EDT,3,0.7333,0.0005,0.0007,0.0001,15,true,0.0005686664771110176,-0.00019505124563319918,0.0432,0.0026,9831.206,-56713.794,0.542,1,389.74,389.5641461913943,389.51618606177453,389.53217277164777,389.5785342302802,389.484212642028,389.6440797407605,389.69203987038026,389.7240132901268,389.78796012961976
161,2017-12-13 07:16:00 EST,3,0.7333,0.0005,0.0007,0.0001,15,true,0.0005686664771110176,-0.00019505124563319918,0.0432,0.0026,9831.206,-56713.794,0.542,1,389.6597480391606,389.70352183598203,389.7691825312143,389.7764781640179,389.78377379682144,389.8932082888751,389.8421388592501,389.87861702326796,389.9077995544823,389.96616461691093
161,2018-08-31 10:12:00 EDT,3,0.7333,0.0005,0.0007,0.0001,15,true,0.0005686664771110176,-0.00019505124563319918,0.0432,0.0026,9831.206,-56713.794,0.542,1,389.68614991364416,389.69288117443864,389.71307495682214,389.7534625215889,389.7534625215889,389.72653747841105,389.7332687392055,389.72653747841105,389.72653747841105,389.6457623488774
161,2019-03-15 10:26:00 EDT,3,0.7333,0.0005,0.0007,0.0001,15,true,0.0005686664771110176,-0.00019505124563319918,0.0432,0.0026,9831.206,-56713.794,0.542,1,389.8494308359397,389.89237205004264,389.906224054592,389.87852004549325,389.8646680409439,389.96163207278926,389.9339280636906,389.9477800682399,389.9477800682399,390.03089209553593
161,2019-11-29 07:45:00 EST,3,0.7333,0.0005,0.0007,0.0001,15,true,0.0005686664771110176,-0.00019505124563319918,0.0432,0.0026,9831.206,-56713.794,0.542,1,389.8020210057289,389.85163781031196,389.901254614895,389.95087141947806,389.93846721833233,389.86404201145774,389.92606301718655,389.9446693189052,389.9756798217696,389.93846721833233
161,2020-01-03 06:11:00 EST,3,0.7333,0.0005,0.0007,0.0001,15,true,0.0005686664771110176,-0.00019505124563319918,0.0432,0.0026,9831.206,-56713.794,0.542,1,389.6656224836042,389.71399810402426,389.9558762061245,390.0768152571747,390.0647213520696,390.0163457316496,390.09495611483226,390.02892339295886,390.0163457316496,390.0284396367546
161,2020-12-02 08:48:00 EST,3,0.7333,0.0005,0.0007,0.0001,15,true,0.0005686664771110176,-0.00019505124563319918,0.0432,0.0026,9831.206,-56713.794,0.542,1,389.68672043745727,389.67606452494874,389.75065591250853,389.67073656869445,389.74532795625424,389.87852686261107,389.8573215967191,389.83579665345184,389.91049460013676,389.8773547122351
161,2021-10-07 07:18:00 EDT,3,0.7333,0.0005,0.0007,0.0001,15,true,0.0005686664771110176,-0.00019505124563319918,0.0432,0.0026,9831.206,-56713.794,0.542,1,389.5013133123143,389.465952321546,389.54109442692857,389.7134792569238,389.6949147367705,389.68757733118605,389.74884024769204,389.6803283280786,389.59855603692694,389.74
161,2021-10-20 11:41:00 EDT,3,0.7333,0.0005,0.0007,0.0001,15,true,0.0005686664771110176,-0.00019505124563319918,0.0432,0.0026,9831.206,-56713.794,0.542,1,389.95573598441234,389.9643654237888,389.94710654503587,390.0161420600478,389.95573598441234,390.1110658931893,390.12677147285444,390.16284252944826,390.0679186963068,390.02045677973604
161,2021-12-09 09:37:00 EST,3,0.7333,0.0005,0.0007,0.0001,15,true,0.0005686664771110176,-0.00019505124563319918,0.0432,0.0026,9831.206,-56713.794,0.542,1,389.74,389.9149169712124,389.8066350366523,389.8232937958154,389.77331751832617,389.8482819345601,389.66370288303307,389.5817417879507,389.6650355837661,389.7340028467013
161,2022-12-15 10:27:00 EST,3,0.7333,0.0005,0.0007,0.0001,15,true,0.0005686664771110176,-0.00019505124563319918,0.0432,0.0026,9831.206,-56713.794,0.542,1,390.01,390.245,390.435,390.63,390.58,390.3608,390.77,390.515,390.81,390.72
161,2023-01-05 08:03:00 EST,3,0.7333,0.0005,0.0007,0.0001,15,true,0.0005686664771110176,-0.00019505124563319918,0.0432,0.0026,9831.206,-56713.794,0.542,1,389.6423916166876,389.67321531668097,389.70403901667436,389.8735693666381,389.8900086733013,390.02255058327296,390.08419798325974,390.0739234165952,389.90953034996375,389.9198049166282
161,2023-09-15 10:11:00 EDT,3,0.7333,0.0005,0.0007,0.0001,15,true,0.0005686664771110176,-0.00019505124563319918,0.0432,0.0026,9831.206,-56713.794,0.542,1,389.9113625704622,389.88939301014653,389.79712085682075,389.6784852311161,389.61697046223225,389.6521217587373,389.7487878241262,389.76636347237877,389.60378872604286,389.71803043968436
161,2023-12-06 07:28:00 EST,3,0.7333,0.0005,0.0007,0.0001,15,true,0.0005686664771110176,-0.00019505124563319918,0.0432,0.0026,9831.206,-56713.794,0.542,1,389.789554588063,389.7810106935694,389.8280021132843,389.7041156431268,389.7809252546245,389.88302479382327,389.85790574401204,389.9390727417014,389.96906181137405,389.9348007944546
179,2018-04-13 06:13:00 EDT,3,0.7,0.0016,0.0016,0.002,10,true,0.0015574502171690789,-0.30327744057077693,0.0444,0.0026,9950.664,-80309.336,0.542,1,389.3132177118995,389.47429667807836,389.56215793235765,390.0014642037545,389.9575335766149,389.95899793085283,390.11861254279376,389.9868206613746,389.6353756442571,389.9707127647568
179,2020-02-24 10:57:00 EST,3,0.7,0.0016,0.0016,0.002,10,true,0.0015574502171690789,-0.30327744057077693,0.0444,0.0026,9950.664,-80309.336,0.542,1,389.22793951787816,389.02894156286794,389.10733469665985,388.8540645721014,391.39882629980787,390.91881911135897,389.9998103736754,390.1927780876247,389.9153869988226,390.1927780876247
179,2020-09-11 10:03:00 EDT,3,0.7,0.0016,0.0016,0.002,10,true,0.0015574502171690789,-0.30327744057077693,0.0444,0.0026,9950.664,-80309.336,0.542,1,389.3104740637919,389.8155381876339,389.7568098011406,390.1209257973988,390.33234798877453,390.5613886960982,390.3675850206705,390.5790072120462,390.4498047617611,390.55551585744894
179,2022-02-10 10:37:00 EST,3,0.7,0.0016,0.0016,0.002,10,true,0.0015574502171690789,-0.30327744057077693,0.0444,0.0026,9950.664,-80309.336,0.542,1,389.1445555060187,389.4916263932233,389.613101203745,389.5870708872046,389.6217779759251,389.2573535443602,388.89292911279534,389.16190905037894,389.01440392331693,388.74542398573334
179,2022-06-08 09:34:00 EDT,3,0.7,0.0016,0.0016,0.002,10,true,0.0015574502171690789,-0.30327744057077693,0.0444,0.0026,9950.664,-80309.336,0.542,1,389.1738265331809,389.3205631191174,389.11693060534355,389.1406924653888,388.918220867356,388.81417989448875,388.8330189787477,389.06969089154853,389.3915646929577,389.55723503191825
179,2022-06-29 08:28:00 EDT,3,0.7,0.0016,0.0016,0.002,10,true,0.0015574502171690789,-0.30327744057077693,0.0444,0.0026,9950.664,-80309.336,0.542,1,389.0806085435081,389.3015573710113,389.06519350903113,389.18851378484686,389.35294081926787,389.3786325433961,389.12685364693897,389.28614233653434,389.389217533737,389.8462219225309
179,2022-11-14 06:15:00 EST,3,0.7,0.0016,0.0016,0.002,10,true,0.0015574502171690789,-0.30327744057077693,0.0444,0.0026,9950.664,-80309.336,0.542,1,389.3067722404151,389.19097486019444,388.9850692730113,388.91643407728344,388.7277853393118,388.88701899340015,388.83799385359464,388.99487430097236,389.14194972038894,389.21823283792634
179,2022-12-15 10:45:00 EST,3,0.7,0.0016,0.0016,0.002,10,true,0.0015574502171690789,-0.30327744057077693,0.0444,0.0026,9950.664,-80309.336,0.542,1,389.06,389.2024,389.23,389.08,389.215,389.11,389.31,389.46,389.3,389.3382
179,2023-10-16 09:26:00 EDT,3,0.7,0.0016,0.0016,0.002,10,true,0.0015574502171690789,-0.30327744057077693,0.0444,0.0026,9950.664,-80309.336,0.542,1,389.06551310344827,389.248948045977,389.4368570114943,389.8663632183908,389.8126749425287,389.7858308045977,389.7768827586207,389.97373977011495,389.7992528735632,389.74109057471264
179,2024-08-01 12:25:00 EDT,3,0.7,0.0016,0.0016,0.002,10,true,0.0015574502171690789,-0.30327744057077693,0.0444,0.0026,9950.664,-80309.336,0.542,1,389.41871441689625,389.36867438016526,389.37496512764005,389.41156584022036,389.61887456382,389.4616058769513,389.4151401285583,389.2896826078971,389.33293149678605,389.1399199265381
228,2019-10-08 11:43:00 EDT,3,1.0,-0.0023,-0.001,-0.0012,5,false,0.0,0.0,0.0393,0.0026,9880.122,-80399.878,0.542,1,384.7269777409098,384.96641780727225,384.9398133554542,384.833395548182,384.8919253421817,384.7269777409098,384.5806532559105,384.62055993363754,384.5274443522743,384.4875376745473
228,2020-04-23 09:45:00 EDT,3,1.0,-0.0023,-0.001,-0.0012,5,false,0.0,0.0,0.0393,0.0026,9880.122,-80399.878,0.542,1,384.7637437473203,385.20377233099896,385.3137794769186,385.0250107188795,384.91500357295985,384.27902476061166,384.516227669001,384.40622052308134,384.5437294554809,383.9661919394026
228,2020-09-24 06:28:00 EDT,3,1.0,-0.0023,-0.001,-0.0012,5,false,0.0,0.0,0.0393,0.0026,9880.122,-80399.878,0.542,1,385.05078448382704,384.7049876068906,384.7407596976082,384.27572251827985,383.9060775808651,383.92992564134346,383.8345333994299,383.643748915603,383.4768124922544,383.7391411575165
228,2022-12-16 05:04:00 EST,3,1.0,-0.0023,-0.001,-0.0012,5,false,0.0,0.0,0.0393,0.0026,9880.122,-80399.878,0.542,1,384.9411,384.63,384.6,384.3,383.96,383.9,383.665,383.78,383.665,383.27
228,2024-08-29 14:31:00 EDT,3,1.0,-0.0023,-0.001,-0.0012,5,false,0.0,0.0,0.0393,0.0026,9880.122,-80399.878,0.542,1,384.8943520716926,384.8806112430156,384.8943520716926,384.69511005587594,384.6676283985219,384.69511005587594,384.4889976257208,383.8328730563936,383.758535173251,383.9668461359945
232,2018-12-17 07:36:00 EST,3,0.7059,-0.0015,-0.0009,-0.0001,17,true,-0.0015945971297251533,-0.0005540287662651213,0.0429,0.0026,9759.58,-80440.42,0.542,1,384.38916473317863,384.18111368909507,384.31827877030156,384.2851392111368,384.2554176334106,384.3350714617169,384.3148607888631,383.8838979118329,383.76501160092806,383.9136194895591
232,2020-04-03 08:20:00 EDT,3,0.7059,-0.0015,-0.0009,-0.0001,17,true,-0.0015945971297251533,-0.0005540287662651213,0.0429,0.0026,9759.58,-80440.42,0.542,1,384.4558899886419,384.53383498296284,384.95473795229594,385.17298393639464,385.14180593866627,384.8406264806101,384.5961909784196,384.4247119909135,384.8923819568392,384.82223146195037
232,2020-04-20 10:17:00 EDT,3,0.7059,-0.0015,-0.0009,-0.0001,17,true,-0.0015945971297251533,-0.0005540287662651213,0.0429,0.0026,9759.58,-80440.42,0.542,1,384.5098483380599,384.3880009159606,384.10369026439554,384.0359972521182,383.9750735410685,383.75168660055306,383.5487429497454,383.57568476863185,383.53506896126544,383.39318440753203
232,2020-05-01 07:50:00 EDT,3,0.7059,-0.0015,-0.0009,-0.0001,17,true,-0.0015945971297251533,-0.0005540287662651213,0.0429,0.0026,9759.58,-80440.42,0.542,1,384.3273044635223,384.1371241205812,384.06920256953083,383.8518536061695,383.94694377764006,384.04882610421566,383.9741123980603,383.8382692959595,383.72959481427887,383.8654379163796
232,2020-07-13 10:30:00 EDT,3,0.7059,-0.0015,-0.0009,-0.0001,17,true,-0.0015945971297251533,-0.0005540287662651213,0.0429,0.0026,9759.58,-80440.42,0.542,1,384.37209455022986,384.25193696651354,384.05968483256737,383.90347997373607,383.68719632304663,383.7472751149048,383.4951845042679,383.5069599474722,383.5309914642154,383.939527248851
232,2020-11-10 05:27:00 EST,3,0.7059,-0.0015,-0.0009,-0.0001,17,true,-0.0015945971297251533,-0.0005540287662651213,0.0429,0.0026,9759.58,-80440.42,0.542,1,384.50686944787464,384.3760773838865,384.2125873039013,384.19078862656994,384.17988928790425,384.0599965625818,383.84200978926816,383.8638084665995,383.82032010532345,383.4605329359693
232,2020-11-23 06:16:00 EST,3,0.7059,-0.0015,-0.0009,-0.0001,17,true,-0.0015945971297251533,-0.0005540287662651213,0.0429,0.0026,9759.58,-80440.42,0.542,1,384.3714823030702,384.3932189791929,384.73916737181236,384.5444024280463,384.5767370855621,384.5228820372581,384.63102470453526,384.72835310508464,384.6148033044437,384.6093961710798
232,2020-11-30 05:39:00 EST,3,0.7059,-0.0015,-0.0009,-0.0001,17,true,-0.0015945971297251533,-0.0005540287662651213,0.0429,0.0026,9759.58,-80440.42,0.542,1,384.44406247830614,384.18901853523084,384.11325234293645,383.99586810135366,383.9851968066643,383.88915515446024,383.52622442207564,383.65972231863935,384.1666088163832,384.2516590350573
232,2021-05-11 06:30:00 EDT,3,0.7059,-0.0015,-0.0009,-0.0001,17,true,-0.0015945971297251533,-0.0005540287662651213,0.0429,0.0026,9759.58,-80440.42,0.542,1,384.0528857236451,383.8990221176128,383.99693532145153,383.51669436929006,383.89435958409666,383.69853317641923,383.5679822379675,383.4887191681933,383.2043046237094,382.8592771435157
232,2022-01-05 09:44:00 EST,3,0.7059,-0.0015,-0.0009,-0.0001,17,true,-0.0015945971297251533,-0.0005540287662651213,0.0429,0.0026,9759.58,-80440.42,0.542,1,384.2674073445849,384.0799995759478,384.1288885590705,384.03925875667886,384.2796295903656,384.2796295903656,384.52814858790606,384.6340747180053,384.7492082732593,384.65037104571286
232,2022-07-12 11:05:00 EDT,3,0.7059,-0.0015,-0.0009,-0.0001,17,true,-0.0015945971297251533,-0.0005540287662651213,0.0429,0.0026,9759.58,-80440.42,0.542,1,383.90665693621924,383.97775273832605,384.18922750379954,383.79648865363447,383.70585661128865,383.4237895550548,383.6045501283999,383.4864263665426,383.3533986688329,383.7259970651433
232,2022-08-16 10:42:00 EDT,3,0.7059,-0.0015,-0.0009,-0.0001,17,true,-0.0015945971297251533,-0.0005540287662651213,0.0429,0.0026,9759.58,-80440.42,0.542,1,384.19258111853907,384.2507663459971,384.3895157345508,384.23733898581446,383.89717919452147,383.60267242784937,383.4854068155878,383.28847219957606,383.61072884395895,383.395891081037
232,2022-09-06 09:11:00 EDT,3,0.7059,-0.0015,-0.0009,-0.0001,17,true,-0.0015945971297251533,-0.0005540287662651213,0.0429,0.0026,9759.58,-80440.42,0.542,1,384.38873922413796,384.3866686422414,384.06346066810346,383.86616379310345,384.0336837284483,383.8957435344828,383.9647629310345,384.20189385775865,384.1521012931035,384.2901400862069
232,2022-12-16 05:08:00 EST,3,0.7059,-0.0015,-0.0009,-0.0001,17,true,-0.0015945971297251533,-0.0005540287662651213,0.0429,0.0026,9759.58,-80440.42,0.542,1,383.96,383.9,383.665,383.78,383.665,383.27,383.275,383.23,383.1399,383.21
232,2024-07-25 10:03:00 EDT,3,0.7059,-0.0015,-0.0009,-0.0001,17,true,-0.0015945971297251533,-0.0005540287662651213,0.0429,0.0026,9759.58,-80440.42,0.542,1,384.0147046268629,384.1573523134315,384.3071323843285,384.22154377238735,384.24294092537264,383.8791893246228,383.715144485069,383.65095302611314,383.57962918282885,383.55109964551514
232,2024-08-22 12:58:00 EDT,3,0.7059,-0.0015,-0.0009,-0.0001,17,true,-0.0015945971297251533,-0.0005540287662651213,0.0429,0.0026,9759.58,-80440.42,0.542,1,384.36205170526927,384.4309980444573,384.3206839017564,384.368946339188,384.25173756256845,384.10695025027366,384.3137892678376,384.03455659412623,384.1552126877052,384.3827356070256
232,2024-08-23 12:03:00 EDT,3,0.7059,-0.0015,-0.0009,-0.0001,17,true,-0.0015945971297251533,-0.0005540287662651213,0.0429,0.0026,9759.58,-80440.42,0.542,1,384.4650093926112,384.48563556668756,384.2174953036944,384.403130870382,384.3948804007514,384.5131371321227,384.5784533500313,384.4650093926112,384.6162680025047,384.50626174076393
238,2019-01-11 04:38:00 EST,3,0.8333,0.0007,0.0008,0.0008,6,true,0.0007680307212290038,0.08825256017220025,0.046,0.0026,9814.038,-73675.962,0.542,1,383.3444271399719,383.25511457200554,383.2253437160167,383.5528231318937,383.25526342628547,382.91274972813414,383.0095050100978,383.12114572005584,383.3444271399719,383.5379377038993
238,2021-06-03 05:46:00 EDT,3,0.8333,0.0007,0.0008,0.0008,6,true,0.0007680307212290038,0.08825256017220025,0.046,0.0026,9814.038,-73675.962,0.542,1,383.42178099123964,383.48157350294014,383.4263804152166,383.26080115204604,383.00323340933636,383.22400576023045,383.0952218888755,383.31599423976957,383.4171815672627,383.5643631345254
238,2021-11-23 04:34:00 EST,3,0.8333,0.0007,0.0008,0.0008,6,true,0.0007680307212290038,0.08825256017220025,0.046,0.0026,9814.038,-73675.962,0.542,1,383.0894406732478,382.86792720829135,382.8760523779952,382.9499175571211,382.8514306516199,383.23717103149954,383.27,383.45876656887725,383.68856934838004,383.8385977344268
238,2022-06-06 07:18:00 EDT,3,0.8333,0.0007,0.0008,0.0008,6,true,0.0007680307212290038,0.08825256017220025,0.046,0.0026,9814.038,-73675.962,0.542,1,382.73466789748153,382.79023870397134,382.4382902628692,382.5862938441537,382.60500268233864,382.4475520639508,382.73466789748153,382.61333830331205,382.6420498866651,382.84580951046115
238,2022-10-06 06:10:00 EDT,3,0.8333,0.0007,0.0008,0.0008,6,true,0.0007680307212290038,0.08825256017220025,0.046,0.0026,9814.038,-73675.962,0.542,1,383.62820860403633,383.3773909190151,383.2796232091395,383.16752306011983,383.25966016890317,383.1163357774625,383.5973938598766,383.8739075607918,383.73048079478576,383.42345947340675
238,2022-12-16 05:14:00 EST,3,0.8333,0.0007,0.0008,0.0008,6,true,0.0007680307212290038,0.08825256017220025,0.046,0.0026,9814.038,-73675.962,0.542,1,383.275,383.23,383.1399,383.21,383.5094,383.48,383.705,383.415,383.39,383.39
318,2016-08-03 06:37:00 EDT,3,1.0,-0.0009,-0.0,0.0007,7,true,0.00011582922139604212,0.000868068562785041,0.0377,0.0026,9818.496,-73611.504,0.542,1,383.09317391062615,382.8447692774573,382.99558637616695,382.91574202979126,383.00445797020876,383.04881594041746,383.00445797020876,383.0222011582922,383.0399443463757,382.95122840595826
318,2018-04-03 09:08:00 EDT,3,1.0,-0.0009,-0.0,0.0007,7,true,0.00011582922139604212,0.000868068562785041,0.0377,0.0026,9818.496,-73611.504,0.542,1,382.8045305619499,383.11566943805,382.7748982880356,382.9823242054357,382.9378757945642,382.83268122216845,382.55265623367825,382.523023959764,382.4933916858497,382.6415530554212
318,2020-02-24 06:20:00 EST,3,1.0,-0.0009,-0.0,0.0007,7,true,0.00011582922139604212,0.000868068562785041,0.0377,0.0026,9818.496,-73611.504,0.542,1,383.13710679444125,383.196109059255,383.05450362370203,383.007301811851,383.0427031707393,383.007301811851,382.8892972822236,382.7852172870921,382.6060864111177,382.6532882229686
318,2020-07-17 09:26:00 EDT,3,1.0,-0.0009,-0.0,0.0007,7,true,0.00011582922139604212,0.000868068562785041,0.0377,0.0026,9818.496,-73611.504,0.542,1,383.0077466687403,382.9601,382.92436499844484,382.81120416018666,382.87671832970454,382.87671832970454,382.87671832970454,382.84110244482116,382.7873808258165,382.59083831726286
318,2021-03-15 06:16:00 EDT,3,1.0,-0.0009,-0.0,0.0007,7,true,0.00011582922139604212,0.000868068562785041,0.0377,0.0026,9818.496,-73611.504,0.542,1,382.63937917724087,382.65881680286265,382.65881680286265,382.6782544284844,382.75785150540554,382.751145524566,382.6267447205867,382.4547217338341,382.50321860976044,382.5324722363212
318,2022-12-16 06:34:00 EST,3,1.0,-0.0009,-0.0,0.0007,7,true,0.00011582922139604212,0.000868068562785041,0.0377,0.0026,9818.496,-73611.504,0.542,1,382.69,382.8357,382.92,382.8,382.9212,382.88,382.9099,382.82,382.72,382.5286
318,2024-03-06 05:19:00 EST,3,1.0,-0.0009,-0.0,0.0007,7,true,0.00011582922139604212,0.000868068562785041,0.0377,0.0026,9818.496,-73611.504,0.542,1,382.95634268965114,382.82491197364703,382.9676146206978,383.0352462069778,382.9987251503866,382.9976731034889,382.86992455162675,382.7872637239512,382.77974910325344,382.62194206860016
347,2016-10-12 06:58:00 EDT,3,0.8,0.0008,0.0004,0.0007,10,false,0.0,0.0,0.0376,0.0026,9842.954,-73562.046,0.542,1,381.6878835160716,381.7236505482148,381.6521164839284,381.59846593571365,381.65926989035705,381.76120593196515,381.759417580358,381.83095164464436,381.7773010964296,381.8130681285728
347,2018-06-14 07:05:00 EDT,3,0.8,0.0008,0.0004,0.0007,10,false,0.0,0.0,0.0376,0.0026,9842.954,-73562.046,0.542,1,381.7660107090236,381.69743163114964,381.7660107090236,381.7164966147986,381.62885255327564,381.7110102885687,381.73172117008664,381.85516351025984,381.82087397132284,381.75229489344883
347,2019-07-05 06:05:00 EDT,3,0.8,0.0008,0.0004,0.0007,10,false,0.0,0.0,0.0376,0.0026,9842.954,-73562.046,0.542,1,381.78577061777503,381.79863401975,381.862951029625,382.0108801523374,382.1330824710998,382.0816288631998,382.03017525529987,381.85008762765,381.88867783357495,381.8737562872839
347,2020-02-03 06:55:00 EST,3,0.8,0.0008,0.0004,0.0007,10,false,0.0,0.0,0.0376,0.0026,9842.954,-73562.046,0.542,1,381.8644530043846,381.9115931266597,381.95284073365036,382.01765840177853,382.1414012227506,382.1531862533193,382.0353359476317,382.1060461310443,382.0824760699067,382.1531862533193
347,2021-10-22 07:52:00 EDT,3,0.8,0.0008,0.0004,0.0007,10,false,0.0,0.0,0.0376,0.0026,9842.954,-73562.046,0.542,1,381.98294825484766,381.8391612188366,381.9406579501385,382.0421546814404,382.2282320221607,382.160567534626,382.23000821495845,382.26206426592796,382.160567534626,381.966032132964
347,2022-08-09 08:33:00 EDT,3,0.8,0.0008,0.0004,0.0007,10,false,0.0,0.0,0.0376,0.0026,9842.954,-73562.046,0.542,1,381.57474777422783,381.66869899398944,381.6222344936128,381.5107196927088,381.6595919519156,381.7244563944414,381.8266782952701,381.8359711953454,381.6222344936128,381.5943557933868
347,2022-08-29 10:25:00 EDT,3,0.8,0.0008,0.0004,0.0007,10,false,0.0,0.0,0.0376,0.0026,9842.954,-73562.046,0.542,1,381.73614240091104,381.93456960364415,381.84008045948553,381.97236526130763,381.87787611714896,381.7833869729904,381.96764080409974,381.9440185180601,382.0668544054663,382.1613435496249
347,2022-12-16 07:03:00 EST,3,0.8,0.0008,0.0004,0.0007,10,false,0.0,0.0,0.0376,0.0026,9842.954,-73562.046,0.542,1,381.55,381.7,381.9,381.81,381.82,381.78,381.71,381.56,381.57,381.84
347,2023-09-22 09:36:00 EDT,3,0.8,0.0008,0.0004,0.0007,10,false,0.0,0.0,0.0376,0.0026,9842.954,-73562.046,0.542,1,381.8025427142659,381.8334693475946,381.6479095476224,381.18401004769186,381.3430613048109,381.3165527619577,381.2237728619716,381.1000663286568,381.0558854239015,381.1625381279808
347,2024-04-02 06:18:00 EDT,3,0.8,0.0008,0.0004,0.0007,10,false,0.0,0.0,0.0376,0.0026,9842.954,-73562.046,0.542,1,381.6687444135275,381.57272897739904,381.7204450329814,381.7573740468769,381.956790721913,381.9420191163548,382.22267962196116,382.0897351719371,382.1148469013861,382.14143579139085
428,2017-11-17 05:17:00 EST,3,0.8333,-0.0005,-0.0013,-0.0016,6,true,-0.0008646291492801269,-0.0014010489215505117,0.0329,0.0026,9777.412,-73667.588,0.542,1,381.19970102434024,381.34738415661377,381.34738415661377,381.32523168677267,381.317847530159,381.33261584338635,381.33261584338635,381.4507623492052,381.4064574095231,381.33261584338635
428,2017-12-14 10:51:00 EST,3,0.8333,-0.0005,-0.0013,-0.0016,6,true,-0.0008646291492801269,-0.0014010489215505117,0.0329,0.0026,9777.412,-73667.588,0.542,1,381.1393022818691,381.0102823202135,380.895597909853,380.94577233938577,381.10346340363145,381.0819600766888,381.09629562798386,380.99594676891843,381.09629562798386,380.8382557046728
428,2018-07-27 07:10:00 EDT,3,0.8333,-0.0005,-0.0013,-0.0016,6,true,-0.0008646291492801269,-0.0014010489215505117,0.0329,0.0026,9777.412,-73667.588,0.542,1,381.27254439963207,381.34,381.3939644802943,381.34,381.17810655911694,381.32650887992634,381.27254439963207,381.09715983867545,381.23207103941127,381.17810655911694
428,2020-11-24 09:12:00 EST,3,0.8333,-0.0005,-0.0013,-0.0016,6,true,-0.0008646291492801269,-0.0014010489215505117,0.0329,0.0026,9777.412,-73667.588,0.542,1,381.3925218301518,381.3505043660304,381.4030261961821,381.4030261961821,381.30848690190896,381.05112993416526,381.14041704542325,381.1299126793929,381.1824345095447,381.1351648624081
428,2022-12-16 08:24:00 EST,3,0.8333,-0.0005,-0.0013,-0.0016,6,true,-0.0008646291492801269,-0.0014010489215505117,0.0329,0.0026,9777.412,-73667.588,0.542,1,381.43,381.325,381.23,381.2301,381.27,381.1901,381.16,381.0999,381.26,381.5051
428,2024-07-30 10:55:00 EDT,3,0.8333,-0.0005,-0.0013,-0.0016,6,true,-0.0008646291492801269,-0.0014010489215505117,0.0329,0.0026,9777.412,-73667.588,0.542,1,381.3611552081836,381.2770947783146,381.1369940618663,380.98015130980235,380.9688732021283,380.73770701998853,380.36644012140044,379.9251228645882,379.735986897383,379.64492143169156
456,2017-11-02 07:07:00 EDT,3,1.0,-0.0007,-0.0014,-0.001,7,true,-0.001277011792405907,-0.0008439919747331234,0.0332,0.0026,9681.87,-73728.13,0.542,1,381.84990422305174,381.8602994244827,381.86772456836206,381.87514971224135,381.90485028775856,381.931580805724,381.9345508632757,381.88257485612064,381.8602994244827,381.83059884896556
456,2018-08-29 07:35:00 EDT,3,1.0,-0.0007,-0.0014,-0.001,7,true,-0.001277011792405907,-0.0008439919747331234,0.0332,0.0026,9681.87,-73728.13,0.542,1,381.75897793941056,381.7196713212337,381.7458757333516,381.7458757333516,381.7196713212337,381.6803647030569,381.7065691151748,381.6738136000274,381.6738136000274,381.62795587882107
456,2020-06-30 10:00:00 EDT,3,1.0,-0.0007,-0.0014,-0.001,7,true,-0.001277011792405907,-0.0008439919747331234,0.0332,0.0026,9681.87,-73728.13,0.542,1,381.9149194127243,381.7404835236542,381.3853818923328,381.5473580750408,381.46636998368683,381.66572528548124,381.68391645677,381.6532655791191,381.728023817292,381.6906446982055
456,2021-06-28 05:36:00 EDT,3,1.0,-0.0007,-0.0014,-0.001,7,true,-0.001277011792405907,-0.0008439919747331234,0.0332,0.0026,9681.87,-73728.13,0.542,1,381.8079080804717,381.7095408566361,381.64694353237707,381.6290585825888,381.6022311579064,381.5306913587532,381.2267366371011,381.13722246341075,381.2981870115054,381.36972681065856
456,2022-12-16 08:52:00 EST,3,1.0,-0.0007,-0.0014,-0.001,7,true,-0.001277011792405907,-0.0008439919747331234,0.0332,0.0026,9681.87,-73728.13,0.542,1,381.755,381.7801,381.6876,381.74,381.89,381.71,381.5099,381.79,381.725,381.62
456,2024-01-11 07:16:00 EST,3,1.0,-0.0007,-0.0014,-0.001,7,true,-0.001277011792405907,-0.0008439919747331234,0.0332,0.0026,9681.87,-73728.13,0.542,1,381.9033092649915,381.8871768225776,381.9355741498194,381.8307132741288,381.7379517302487,381.8387794953358,381.6935875136104,381.63712396516166,381.7500510620592,381.8227277151339
456,2024-05-01 07:45:00 EDT,3,1.0,-0.0007,-0.0014,-0.001,7,true,-0.001277011792405907,-0.0008439919747331234,0.0332,0.0026,9681.87,-73728.13,0.542,1,382.0004895544426,381.9319098309955,382.02715944689425,381.7871304148293,381.7376006145619,381.66132472215014,381.64616098329907,381.4023219665981,381.43280184368575,381.36422212023865
473,2017-03-17 10:14:00 EDT,3,1.0,0.0006,0.0,0.0,7,false,0.0,0.0,0.0341,0.0026,9681.328,-73728.672,0.542,1,382.0221175431958,382.1345289443814,382.06226447219063,382.0221175431958,382.04620570059274,382.03817631479376,382.08635262958757,382.03817631479376,382.0221175431958,382.0060587715979
473,2017-11-10 09:13:00 EST,3,1.0,0.0006,0.0,0.0,7,false,0.0,0.0,0.0341,0.0026,9681.328,-73728.672,0.542,1,381.97519762845855,381.9974011857708,382.0492094861661,382.0344071146245,382.00480237154153,382.0492094861661,381.99,382.02848616600795,382.0492094861661,382.06401185770756
473,2018-03-09 06:22:00 EST,3,1.0,0.0006,0.0,0.0,7,false,0.0,0.0,0.0341,0.0026,9681.328,-73728.672,0.542,1,382.01758050541514,382.0313707581227,381.9072584837545,382.0037902527076,381.9486292418773,381.8520974729242,382.01758050541514,382.15548303249096,382.1416927797834,382.23822454873647
473,2021-02-08 09:58:00 EST,3,1.0,0.0006,0.0,0.0,7,false,0.0,0.0,0.0341,0.0026,9681.328,-73728.672,0.542,1,382.0096239500655,382.0096239500655,382.0096239500655,382.02924790013105,381.9949059875164,382.02434191261466,381.99981197503274,382.0439658626801,382.05858570547895,382.0341538876474
473,2022-12-16 09:09:00 EST,3,1.0,0.0006,0.0,0.0,7,false,0.0,0.0,0.0341,0.0026,9681.328,-73728.672,0.542,1,381.99,382.06,382.27,382.6,382.435,382.5,382.58,382.71,382.5701,382.59
473,2023-02-02 07:27:00 EST,3,1.0,0.0006,0.0,0.0,7,false,0.0,0.0,0.0341,0.0026,9681.328,-73728.672,0.542,1,382.0553006498207,381.9904585719791,382.05465864905,381.9454268036336,382.05465864905,382.29770179796134,382.1647159240287,382.20140168235497,382.31145895733374,382.36648759482307
473,2024-01-09 06:53:00 EST,3,1.0,0.0006,0.0,0.0,7,false,0.0,0.0,0.0341,0.0026,9681.328,-73728.672,0.542,1,382.07799642947634,382.1342947867399,382.14324767736485,382.2763311866554,382.3085938555743,382.3327908572635,382.377152027027,382.49007136824326,382.26237758234794,382.2239043496621
489,2018-04-27 07:45:00 EDT,3,0.7143,-0.0007,-0.0007,-0.001,7,true,-0.0013476519510737428,-0.0016838849153318835,0.0351,0.0026,9580.786,-73854.214,0.542,1,381.84,381.9117205108941,381.88303230653645,381.9404087152517,381.92606461307287,381.8543441021788,381.8342623591285,381.88590112697227,381.8973764087153,381.56746205860253
489,2018-11-09 05:52:00 EST,3,0.7143,-0.0007,-0.0007,-0.001,7,true,-0.0013476519510737428,-0.0016838849153318835,0.0351,0.0026,9580.786,-73854.214,0.542,1,381.84,381.7026623026293,381.64772722368093,381.78506492105174,381.77133115131466,381.77133115131466,381.46905087940155,381.6065259144697,381.7438636118405,382.11467539474165
489,2020-07-10 11:44:00 EDT,3,0.7143,-0.0007,-0.0007,-0.001,7,true,-0.0013476519510737428,-0.0016838849153318835,0.0351,0.0026,9580.786,-73854.214,0.542,1,381.8766135208346,381.94887704879767,382.2138433179956,382.28610684595867,382.2258872393228,382.3824582165761,382.6112927217925,382.6595888463145,382.56311703648373,382.4185899805576
489,2022-12-01 08:19:00 EST,3,0.7143,-0.0007,-0.0007,-0.001,7,true,-0.0013476519510737428,-0.0016838849153318835,0.0351,0.0026,9580.786,-73854.214,0.542,1,381.325412579002,381.306840156589,381.3162201679087,381.53205422837465,381.4382541151778,381.47568036034335,381.4991303886425,381.5929305018394,381.53196042826147,381.56010046222053
489,2022-12-16 09:25:00 EST,3,0.7143,-0.0007,-0.0007,-0.001,7,true,-0.0013476519510737428,-0.0016838849153318835,0.0351,0.0026,9580.786,-73854.214,0.542,1,381.95,381.94,381.81,381.82,381.77,381.725,381.7,381.67,381.37,381.435
489,2023-11-01 09:26:00 EDT,3,0.7143,-0.0007,-0.0007,-0.001,7,true,-0.0013476519510737428,-0.0016838849153318835,0.0351,0.0026,9580.786,-73854.214,0.542,1,381.7764828483592,381.78530973046395,381.96730729963537,382.04929720454703,382.0310974476299,382.02199756917133,381.88549939229284,381.70386581825977,381.7308014584971,381.6580024308286
489,2024-07-11 10:13:00 EDT,3,0.7143,-0.0007,-0.0007,-0.001,7,true,-0.0013476519510737428,-0.0016838849153318835,0.0351,0.0026,9580.786,-73854.214,0.542,1,381.6618937196002,381.68352771393444,381.45902399914485,381.35704488748735,381.28554385589825,380.873749617831,380.86715056924476,380.9079694264792,380.5337965684965,380.58141856860334
492,2018-03-07 06:09:00 EST,3,0.8571,-0.0011,-0.0014,-0.0014,7,true,-0.0013798612876285718,-0.3973383067772145,0.0369,0.0026,9475.244,-104194.756,0.542,1,381.64151105063803,381.7819185084397,381.68363328797847,381.71171477953885,381.5291850843967,381.52216471150666,381.7313718236311,381.64151105063803,381.8380814915603,381.40281837237524
492,2018-03-15 07:46:00 EDT,3,0.8571,-0.0011,-0.0014,-0.0014,7,true,-0.0013798612876285718,-0.3973383067772145,0.0369,0.0026,9475.244,-104194.756,0.542,1,381.9344807100163,381.86532476000724,381.7809545009962,381.740844049991,381.71318166998736,381.6454088389784,381.6716880999819,381.6855192899837,381.56103857996743,381.21525882992216
492,2018-10-22 11:51:00 EDT,3,0.8571,-0.0011,-0.0014,-0.0014,7,true,-0.0013798612876285718,-0.3973383067772145,0.0369,0.0026,9475.244,-104194.756,0.542,1,381.8654573513926,381.68522095936675,381.6366957768982,381.6713566215186,381.75454264860747,381.78227132430374,381.85159301354446,381.6145128363412,381.68522095936675,381.28315516177054
492,2019-06-12 07:04:00 EDT,3,0.8571,-0.0011,-0.0014,-0.0014,7,true,-0.0013798612876285718,-0.3973383067772145,0.0369,0.0026,9475.244,-104194.756,0.542,1,381.88948303379357,382.1014377905766,382.03877866560265,382.0440775345222,381.94247172298935,381.9822132398862,381.96234248143776,382.0484491013808,381.99546041218514,381.822054926792
492,2021-03-16 09:36:00 EDT,3,0.8571,-0.0011,-0.0014,-0.0014,7,true,-0.0013798612876285718,-0.3973383067772145,0.0369,0.0026,9475.244,-104194.756,0.542,1,381.63191922247853,381.63191922247853,381.55491131868547,381.59341527058206,381.4779034148924,381.4779034148924,381.53565934273723,381.4875294028666,381.44902545097,381.3527655712287
492,2022-12-16 09:28:00 EST,3,0.8571,-0.0011,-0.0014,-0.0014,7,true,-0.0013798612876285718,-0.3973383067772145,0.0369,0.0026,9475.244,-104194.756,0.542,1,381.82,381.77,381.725,381.7,381.67,381.37,381.435,381.3101,381.46,381.665
492,2023-08-07 06:58:00 EDT,3,0.8571,-0.0011,-0.0014,-0.0014,7,true,-0.0013798612876285718,-0.3973383067772145,0.0369,0.0026,9475.244,-104194.756,0.542,1,381.8610293364222,382.01411734568865,381.92906845165174,381.84827200231666,381.93332089635356,382.08640890562003,381.81,381.8525244470185,381.81,381.54634842848554
501,2018-11-08 05:19:00 EST,3,0.7143,0.0015,-0.0016,-0.0021,14,true,-0.0015716524025412616,-0.00206766167620532,0.0382,0.0026,9359.702,-104350.298,0.542,1,381.50082988440136,381.5144398458684,381.65734444127304,381.52804980733555,381.4190340159841,381.29572776509207,381.3375103467961,381.5416597688026,381.45319501926645,381.4940249036678
501,2018-12-31 06:16:00 EST,3,0.7143,0.0015,-0.0016,-0.0021,14,true,-0.0015716524025412616,-0.00206766167620532,0.0382,0.0026,9359.702,-104350.298,0.542,1,381.1985829746654,381.5981622021022,381.47521474750624,381.61353063392664,381.4291094520328,381.0141617927715,380.9525343811553,380.8604774745266,380.8758459063511,380.8604774745266
501,2019-06-13 07:11:00 EDT,3,0.7143,0.0015,-0.0016,-0.0021,14,true,-0.0015716524025412616,-0.00206766167620532,0.0382,0.0026,9359.702,-104350.298,0.542,1,381.51283013641716,381.55245273873,381.6422639706392,381.6482073609861,381.69773561387717,381.48641506820854,381.53924520462573,381.4335849317915,381.4467924658957,381.5788678069386
501,2019-08-07 08:26:00 EDT,3,0.7143,0.0015,-0.0016,-0.0021,14,true,-0.0015716524025412616,-0.00206766167620532,0.0382,0.0026,9359.702,-104350.298,0.542,1,381.46,381.3929360056259,381.6477791842476,381.92944796061886,381.91603516174405,382.1172271448664,382.4927855133615,382.43913431786217,382.35865752461325,382.452547116737
501,2019-08-29 06:51:00 EDT,3,0.7143,0.0015,-0.0016,-0.0021,14,true,-0.0015716524025412616,-0.00206766167620532,0.0382,0.0026,9359.702,-104350.298,0.542,1,381.69582497595815,381.6828546022805,381.65652081329847,381.81373746393734,381.85304162659696,381.82683885149055,381.89234578925675,381.98405550212937,382.07576521500204,382.24608325319406
501,2020-06-25 09:06:00 EDT,3,0.7143,0.0015,-0.0016,-0.0021,14,true,-0.0015716524025412616,-0.00206766167620532,0.0382,0.0026,9359.702,-104350.298,0.542,1,381.40987549686275,381.40987549686275,381.585311257843,381.3848132452942,381.3346887421569,381.32215761637264,381.17178410696096,381.4097501856049,381.5384448474097,381.50385894024504
501,2020-10-16 11:59:00 EDT,3,0.7143,0.0015,-0.0016,-0.0021,14,true,-0.0015716524025412616,-0.00206766167620532,0.0382,0.0026,9359.702,-104350.298,0.542,1,381.32288478957884,380.9499314172334,382.6172523759543,382.69403689379016,382.6720984601228,382.65016002645535,382.8037290621271,382.9622342453739,382.95729809779874,382.9792365314661
501,2021-03-01 10:42:00 EST,3,0.7143,0.0015,-0.0016,-0.0021,14,true,-0.0015716524025412616,-0.00206766167620532,0.0382,0.0026,9359.702,-104350.298,0.542,1,381.4208548192616,381.5090293388747,381.5676492470304,381.39149593370786,381.3715318915313,381.2887398342697,381.38170963852326,381.1859837348315,381.01472356910125,380.8141045178172
501,2021-09-28 10:16:00 EDT,3,0.7143,0.0015,-0.0016,-0.0021,14,true,-0.0015716524025412616,-0.00206766167620532,0.0382,0.0026,9359.702,-104350.298,0.542,1,381.7318991020935,382.0939616370057,381.98830136417143,382.0849805138148,382.49018766013427,382.56934481453266,382.63987304664954,382.7719483876925,382.7015082058029,382.9656588878886
501,2022-06-22 10:32:00 EDT,3,0.7143,0.0015,-0.0016,-0.0021,14,true,-0.0015716524025412616,-0.00206766167620532,0.0382,0.0026,9359.702,-104350.298,0.542,1,381.51052718024783,381.54084348839666,381.5206326162975,381.5407424340362,381.51052718024783,381.4195782558015,381.29831302320645,381.31529015576973,381.2882075871569,381.42968369185115
501,2022-08-23 08:23:00 EDT,3,0.7143,0.0015,-0.0016,-0.0021,14,true,-0.0015716524025412616,-0.00206766167620532,0.0382,0.0026,9359.702,-104350.298,0.542,1,381.4183548848832,381.4322365899221,381.1740368761978,381.30730124457165,381.58030811033746,381.37670976976636,381.20096738397336,381.12683907906546,381.2101293092991,381.26565612945484
501,2022-10-17 08:24:00 EDT,3,0.7143,0.0015,-0.0016,-0.0021,14,true,-0.0015716524025412616,-0.00206766167620532,0.0382,0.0026,9359.702,-104350.298,0.542,1,381.48081921135224,381.57450566243693,381.55732981307136,381.75146895893033,381.8867938327194,381.8972034383954,381.8659746213672,382.0012994951563,382.0325283121845,382.0325283121845
501,2022-12-16 09:37:00 EST,3,0.7143,0.0015,-0.0016,-0.0021,14,true,-0.0015716524025412616,-0.00206766167620532,0.0382,0.0026,9359.702,-104350.298,0.542,1,381.665,381.54,381.58,381.5501,381.59,381.6,381.69,381.5628,381.59,381.71
501,2023-08-03 11:19:00 EDT,3,0.7143,0.0015,-0.0016,-0.0021,14,true,-0.0015716524025412616,-0.00206766167620532,0.0382,0.0026,9359.702,-104350.298,0.542,1,381.49755373846136,381.66323199637924,381.54428350351515,381.64623935454154,381.695093199825,381.7057136009736,381.8083491576735,381.7566915264868,381.7991731310811,381.7651878474056
518,2020-04-29 06:54:00 EDT,3,0.75,0.0025,0.0037,0.0035,8,true,0.0039257770049988035,0.003549095722190019,0.0389,0.0026,9659.16,-104080.84,0.542,1,382.241203711615,382.22839918658894,382.3457304465216,382.17587450229837,382.123611134845,382.2150720278883,382.03215024180173,382.19638787402374,382.11067595140037,381.7708334045352
518,2020-09-09 10:37:00 EDT,3,0.75,0.0025,0.0037,0.0035,8,true,0.0039257770049988035,0.003549095722190019,0.0389,0.0026,9659.16,-104080.84,0.542,1,382.4118588524447,382.27762822951115,382.23288468853326,382.35592942622236,382.23288468853326,382.35592942622236,382.31118588524447,382.4342306229336,382.4342306229336,382.33355765573344
518,2020-09-25 09:45:00 EDT,3,0.75,0.0025,0.0037,0.0035,8,true,0.0039257770049988035,0.003549095722190019,0.0389,0.0026,9659.16,-104080.84,0.542,1,382.3233937094604,382.4403622567618,382.4988465304125,382.34678741892066,382.3,382.3233937094604,382.4403622567618,382.4345138293967,382.4754528209522,382.5404873332518
518,2020-12-18 10:46:00 EST,3,0.75,0.0025,0.0037,0.0035,8,true,0.0039257770049988035,0.003549095722190019,0.0389,0.0026,9659.16,-104080.84,0.542,1,382.3571248098239,382.5596582264725,382.4557949358835,382.4973402521191,382.7258394914149,382.5492718974136,382.51811291023694,383.0062703760052,383.80082454901105,383.6969612584221
518,2022-03-21 05:34:00 EDT,3,0.75,0.0025,0.0037,0.0035,8,true,0.0039257770049988035,0.003549095722190019,0.0389,0.0026,9659.16,-104080.84,0.542,1,382.56626749646136,382.901249185558,383.15463277090026,383.2791772450516,383.21046305241634,383.34789143768677,383.3049450672898,383.2534094228134,383.3865431710441,383.24387532858526
518,2022-12-16 09:54:00 EST,3,0.75,0.0025,0.0037,0.0035,8,true,0.0039257770049988035,0.003549095722190019,0.0389,0.0026,9659.16,-104080.84,0.542,1,382.34,382.52,382.35,382.6099,382.9306,383.14,382.93,382.96,383.12,383.25
518,2023-10-26 09:47:00 EDT,3,0.75,0.0025,0.0037,0.0035,8,true,0.0039257770049988035,0.003549095722190019,0.0389,0.0026,9659.16,-104080.84,0.542,1,382.43412250033265,382.23987612054054,382.29075017239086,382.3139672396898,382.2953750861954,382.136278051318,382.21675155151763,382.27965037925986,382.3878733622869,382.3601238794595
518,2024-04-19 05:48:00 EDT,3,0.75,0.0025,0.0037,0.0035,8,true,0.0039257770049988035,0.003549095722190019,0.0389,0.0026,9659.16,-104080.84,0.542,1,382.0630492358792,381.8643804236528,381.7115582604017,381.3677083930868,381.3829906094119,381.4670427992,381.5893005298008,381.93315039711575,381.9025859644656,381.8490982073277
521,2018-05-24 07:21:00 EDT,3,0.8571,0.001,0.0,-0.0006,7,true,-0.0005700625229862564,-0.0011570741312587611,0.0406,0.0026,9618.618,-104166.382,0.542,1,382.2937513791836,382.2093784479589,382.2656270687753,382.1671919823465,382.1320365943362,382.1671919823465,382.2515649135712,382.1671919823465,382.2093784479589,382.36406215520424
521,2018-09-26 10:20:00 EDT,3,0.8571,0.001,0.0,-0.0006,7,true,-0.0005700625229862564,-0.0011570741312587611,0.0406,0.0026,9618.618,-104166.382,0.542,1,382.3696348790633,382.3303651209366,382.2256457659323,382.29109536281004,382.25182560468335,382.2256457659323,382.06856673342577,382.08820161248906,382.0554768140502,382.06856673342577
521,2019-10-10 07:02:00 EDT,3,0.8571,0.001,0.0,-0.0006,7,true,-0.0005700625229862564,-0.0011570741312587611,0.0406,0.0026,9618.618,-104166.382,0.542,1,382.3630192726778,382.49321199945524,382.44113490874423,382.4150963633888,382.64944327158815,382.59736618087715,382.5452890901662,382.7535974530101,382.76661672568787,382.94888654317623
521,2021-03-26 11:38:00 EDT,3,0.8571,0.001,0.0,-0.0006,7,true,-0.0005700625229862564,-0.0011570741312587611,0.0406,0.0026,9618.618,-104166.382,0.542,1,382.32083968883467,382.16774805521663,382.34513994813915,382.35972010372177,382.22363865161685,382.33541984441734,382.23335875533866,382.4666412446614,382.4666412446614,382.5152417632703
521,2022-11-18 10:32:00 EST,3,0.8571,0.001,0.0,-0.0006,7,true,-0.0005700625229862564,-0.0011570741312587611,0.0406,0.0026,9618.618,-104166.382,0.542,1,382.4852664695626,382.40314039875676,382.39830945341515,382.2149267682511,382.3016905465848,382.31135243726783,382.5528997043439,382.5867163217345,382.8717420968842,382.7275866878932
521,2022-12-16 09:57:00 EST,3,0.8571,0.001,0.0,-0.0006,7,true,-0.0005700625229862564,-0.0011570741312587611,0.0406,0.0026,9618.618,-104166.382,0.542,1,382.6099,382.9306,383.14,382.93,382.96,383.12,383.25,383.13,382.87,382.75
521,2024-07-25 10:47:00 EDT,3,0.8571,0.001,0.0,-0.0006,7,true,-0.0005700625229862564,-0.0011570741312587611,0.0406,0.0026,9618.618,-104166.382,0.542,1,382.30055331806096,382.17340470736036,382.66080771504585,382.6184248448123,382.7137863028377,382.90804112474143,382.9928068652085,382.90804112474143,382.7455734555129,383.0069344886196
568,2018-07-12 06:06:00 EDT,3,0.7083,-0.0007,-0.0004,-0.0,24,false,0.0,0.0,0.039,0.0029,9588.076,-104166.924,0.542,1,384.8223487570053,384.9053024859893,384.87765124299466,384.87765124299466,384.9467793504814,384.8085231355079,384.8085231355079,384.7808718925133,384.8085231355079,384.6979181635292
568,2018-10-16 07:01:00 EDT,3,0.7083,-0.0007,-0.0004,-0.0,24,false,0.0,0.0,0.039,0.0029,9588.076,-104166.924,0.542,1,384.808481372267,384.61472777617956,384.5732091484465,384.51785097813575,384.67008594649025,384.75312320195627,384.6424068613349,384.6424068613349,384.72544411680093,384.7392836593786
568,2018-12-19 05:23:00 EST,3,0.7083,-0.0007,-0.0004,-0.0,24,false,0.0,0.0,0.039,0.0029,9588.076,-104166.924,0.542,1,384.7902081876797,384.65567660995885,384.5510409383982,384.5809368445584,384.46135321991767,384.73011741629773,384.7304163753593,384.7603122815195,384.9695836246408,385.13401110852175
568,2020-02-19 04:53:00 EST,3,0.7083,-0.0007,-0.0004,-0.0,24,false,0.0,0.0,0.039,0.0029,9588.076,-104166.924,0.542,1,384.95239154534045,384.9694568028971,384.8670652575568,384.94670312615483,384.9068841918558,384.7874273889588,384.650905328505,384.69641268198956,384.63952849013384,384.5826442982781
568,2020-05-12 07:15:00 EDT,3,0.7083,-0.0007,-0.0004,-0.0,24,false,0.0,0.0,0.039,0.0029,9588.076,-104166.924,0.542,1,384.7054874718372,384.837125247491,384.75803748207824,384.5215624359937,384.6660749641565,384.6660749641565,384.66620633918205,384.65293746159625,384.8697062538404,384.81071886734486
568,2020-08-13 06:03:00 EDT,3,0.7083,-0.0007,-0.0004,-0.0,24,false,0.0,0.0,0.039,0.0029,9588.076,-104166.924,0.542,1,384.82722174543517,384.78166523630557,384.81583261815274,384.7702761090231,384.6677739634814,384.656384836199,384.71333047261106,384.656384836199,384.62905093072123,384.62221745435176
568,2020-11-16 05:36:00 EST,3,0.7083,-0.0007,-0.0004,-0.0,24,false,0.0,0.0,0.039,0.0029,9588.076,-104166.924,0.542,1,384.7881639864812,384.77752095489444,384.7988070180679,384.69237670220065,384.73494882854754,384.82009308124134,384.8413791444148,384.8520221760016,384.9371664286954,384.8413791444148
568,2021-03-11 06:07:00 EST,3,0.7083,-0.0007,-0.0004,-0.0,24,false,0.0,0.0,0.039,0.0029,9588.076,-104166.924,0.542,1,384.8841507783581,384.86463604786775,384.95245233507427,384.8890294609807,385.02563257441307,385.0451473049034,385.0549046701486,385.1035939227219,385.0939341311293,385.07929808326145
568,2021-09-17 07:24:00 EDT,3,0.7083,-0.0007,-0.0004,-0.0,24,false,0.0,0.0,0.039,0.0029,9588.076,-104166.924,0.542,1,384.74577051548255,384.6762841924709,384.58942628870636,384.51125417531824,384.4547965378713,384.22462309289523,384.2072515121423,383.94667780084865,383.8424483163312,383.7382188318137
568,2021-09-28 08:20:00 EDT,3,0.7083,-0.0007,-0.0004,-0.0,24,false,0.0,0.0,0.039,0.0029,9588.076,-104166.924,0.542,1,384.6111715086881,384.42630056541327,384.32935388894,384.57578950997515,384.60232600900986,384.54040751126234,384.51387101222764,384.7615450032178,384.487334513193,384.54925301094056
568,2021-09-29 10:07:00 EDT,3,0.7083,-0.0007,-0.0004,-0.0,24,false,0.0,0.0,0.039,0.0029,9588.076,-104166.924,0.542,1,384.6378201741288,384.79695504353225,385.33624543428823,385.2478371735086,385.4779638763181,385.60147021662726,385.6898784774069,385.81807045553745,385.98162573797987,385.8976378902392
568,2021-10-06 10:47:00 EDT,3,0.7083,-0.0007,-0.0004,-0.0,24,false,0.0,0.0,0.039,0.0029,9588.076,-104166.924,0.542,1,384.7127196363846,384.49138826304585,384.5090132903746,384.38944652206436,384.35844773028026,384.2344525631437,384.11931419365976,384.1503129854439,384.28759334905936,384.36730452793284
568,2022-04-14 10:05:00 EDT,3,0.7083,-0.0007,-0.0004,-0.0,24,false,0.0,0.0,0.039,0.0029,9588.076,-104166.924,0.542,1,384.97202794827086,384.93716282019346,384.9938186533192,384.75847903879696,384.68439064163255,384.6800325006229,384.7105394876906,384.74976275677767,384.79770230788404,384.65824179557455
568,2022-07-08 10:38:00 EDT,3,0.7083,-0.0007,-0.0004,-0.0,24,false,0.0,0.0,0.039,0.0029,9588.076,-104166.924,0.542,1,384.8934301102848,384.9881867145423,384.83025904077977,384.721683765068,384.76116568350864,384.8203885611696,384.9985507181329,385.10663246986417,384.9980571941524,384.8796114388305
568,2022-08-02 07:43:00 EDT,3,0.7083,-0.0007,-0.0004,-0.0,24,false,0.0,0.0,0.039,0.0029,9588.076,-104166.924,0.542,1,385.0280454844287,385.11238281915803,385.0655287443084,385.05615792933844,384.9437081496993,384.76575637342034,384.89685407484967,385.09157960992474,384.9577643721542,384.93058900874144
568,2022-09-15 09:27:00 EDT,3,0.7083,-0.0007,-0.0004,-0.0,24,false,0.0,0.0,0.039,0.0029,9588.076,-104166.924,0.542,1,385.1038137635391,384.95738274611267,384.92809654262743,384.6840448469168,384.70845001648786,384.4204690155494,384.5473758973189,384.66452071125997,384.52785176166196,384.4790414225199
568,2022-12-12 10:38:00 EST,3,0.7083,-0.0007,-0.0004,-0.0,24,false,0.0,0.0,0.039,0.0029,9588.076,-104166.924,0.542,1,384.94656132779664,384.7196422074745,384.87414033194915,384.8451719336102,384.59411248133887,384.4492704896438,384.34305302906745,384.28946149214033,384.42030209130485,384.4685827552032
568,2022-12-16 10:44:00 EST,3,0.7083,-0.0007,-0.0004,-0.0,24,false,0.0,0.0,0.039,0.0029,9588.076,-104166.924,0.542,1,384.71,384.325,384.36,384.57,384.43,384.38,384.25,383.6296,383.75,384.0001
568,2023-06-01 11:08:00 EDT,3,0.7083,-0.0007,-0.0004,-0.0,24,false,0.0,0.0,0.039,0.0029,9588.076,-104166.924,0.542,1,384.8135937943431,384.86820310282855,384.70892595307924,384.71347672878636,384.7316798316148,384.80449224292886,384.74988293444335,384.8363476728787,384.8773046542428,384.83179689717156
568,2023-06-14 05:50:00 EDT,3,0.7083,-0.0007,-0.0004,-0.0,24,false,0.0,0.0,0.039,0.0029,9588.076,-104166.924,0.542,1,384.83240444403805,384.94677555779083,385.0083600036577,384.86759555596194,384.86759555596194,384.85,384.79281444312363,384.858797777981,384.7620222201902,384.84120222201904
568,2024-01-04 05:16:00 EST,3,0.7083,-0.0007,-0.0004,-0.0,24,false,0.0,0.0,0.039,0.0029,9588.076,-104166.924,0.542,1,384.75175923759286,384.6535184751857,384.7231056818908,384.69035876108836,384.6535184751857,384.62895828458386,384.52662415707636,384.5511843476782,384.4570369503713,384.58761529707084
568,2024-03-27 11:37:00 EDT,3,0.7083,-0.0007,-0.0004,-0.0,24,false,0.0,0.0,0.039,0.0029,9588.076,-104166.924,0.542,1,384.94967816202217,384.9902877835867,385.19333589140973,385.4074593505684,385.4148429181256,385.5551307017123,385.51082929636914,385.5698978368268,385.72495275552785,385.6585006475131
568,2024-08-14 10:58:00 EDT,3,0.7083,-0.0007,-0.0004,-0.0,24,false,0.0,0.0,0.039,0.0029,9588.076,-104166.924,0.542,1,384.9138731628156,384.91316346100655,384.9635522894499,384.94935825326866,384.9777463256312,385.1658173050326,385.1764628321685,385.0983956331717,384.94935825326866,384.9635522894499
568,2024-09-04 11:07:00 EDT,3,0.7083,-0.0007,-0.0004,-0.0,24,false,0.0,0.0,0.039,0.0029,9588.076,-104166.924,0.542,1,384.53066849453444,384.4265386557957,384.16274306432416,384.41959666654645,384.377944731051,384.2668729030629,384.1974530105704,384.0273742739638,383.94059940834813,383.97530935459434
633,2022-01-07 09:44:00 EST,3,1.0,0.0007,0.0007,0.0008,4,true,0.0007276151343949302,0.1889535761889607,0.0367,0.0029,9642.534,-89707.466,0.542,1,382.5551191940593,382.7680912322377,382.74351753552475,382.62064905196036,382.87457725132685,383.00973258324774,382.8418123223763,382.7558043838812,382.91553341251506,383.0384018960795
633,2022-10-24 10:07:00 EDT,3,1.0,0.0007,0.0007,0.0008,4,true,0.0007276151343949302,0.1889535761889607,0.0367,0.0029,9642.534,-89707.466,0.542,1,382.8916066887242,382.78188488573323,382.79029385124403,382.77003128374804,382.55727432503977,382.64845587877187,382.72950614875595,382.719374865008,382.77003128374804,382.8916066887242
633,2022-12-19 05:19:00 EST,3,1.0,0.0007,0.0007,0.0008,4,true,0.0007276151343949302,0.1889535761889607,0.0367,0.0029,9642.534,-89707.466,0.542,1,382.7499,382.7701,383.22,383.46,383.28,383.38,383.47,383.3,383.5,383.32
633,2023-03-20 11:34:00 EDT,3,1.0,0.0007,0.0007,0.0008,4,true,0.0007276151343949302,0.1889535761889607,0.0367,0.0029,9642.534,-89707.466,0.542,1,382.77936748213517,382.7677843302647,382.69176381252703,382.828036187473,382.7014975535946,382.80856870533785,382.72933605304786,382.7891012232027,382.8475036696081,382.9983766561555
656,2016-06-24 11:13:00 EDT,3,0.75,0.0005,-0.0,-0.0005,12,true,-0.0011368782985645264,-0.0003326657419265361,0.0369,0.0038,9556.992,-89733.008,0.542,1,382.0850094816998,381.85953517071965,382.14137805944483,381.95348280029475,381.48374465241955,381.43677083763197,381.24887557848194,381.1079541341194,381.33342844509946,381.69042943748457
656,2016-09-12 06:50:00 EDT,3,0.75,0.0005,-0.0,-0.0005,12,true,-0.0011368782985645264,-0.0003326657419265361,0.0369,0.0038,9556.992,-89733.008,0.542,1,382.4250091708778,382.4250091708778,382.33553209807224,382.29974126895,382.3623752199139,382.4250091708778,382.51627578513944,382.8741840763616,382.83481416432716,382.9260807785888
656,2016-10-28 06:06:00 EDT,3,0.75,0.0005,-0.0,-0.0005,12,true,-0.0011368782985645264,-0.0003326657419265361,0.0369,0.0038,9556.992,-89733.008,0.542,1,382.61342520187793,382.4428440938967,382.40693228169016,382.35306456338026,382.40693228169016,382.40693228169016,382.4967118122066,382.3889763755869,382.56853543661975,382.50568976525824
656,2017-05-02 05:49:00 EDT,3,0.75,0.0005,-0.0,-0.0005,12,true,-0.0011368782985645264,-0.0003326657419265361,0.0369,0.0038,9556.992,-89733.008,0.542,1,382.47683945481236,382.5169380918432,382.47683945481236,382.58911563849864,382.58911563849864,382.557036728874,382.557036728874,382.5409972740617,382.557036728874,382.557036728874
656,2019-06-05 06:52:00 EDT,3,0.75,0.0005,-0.0,-0.0005,12,true,-0.0011368782985645264,-0.0003326657419265361,0.0369,0.0038,9556.992,-89733.008,0.542,1,382.2427260610812,382.2154668187164,382.3381334093582,382.52894810591215,382.59709621182424,382.54257772709457,382.3517630305406,382.50168886354726,382.7537005592103,382.6652443177364
656,2020-09-29 09:10:00 EDT,3,0.75,0.0005,-0.0,-0.0005,12,true,-0.0011368782985645264,-0.0003326657419265361,0.0369,0.0038,9556.992,-89733.008,0.542,1,382.4377574165562,382.45031562453306,382.4953638751657,382.29374127003257,382.3455870827811,382.2303741655621,382.2649380407278,382.3110232076154,382.6388039571033,382.67970454271597
656,2022-03-22 10:29:00 EDT,3,0.75,0.0005,-0.0,-0.0005,12,true,-0.0011368782985645264,-0.0003326657419265361,0.0369,0.0038,9556.992,-89733.008,0.542,1,382.67808386102524,382.6866148331896,382.511729903821,382.5714467089713,382.85296879039385,382.8444378182295,382.97240240069436,382.9340130259549,382.88709267905114,382.89468524427735
656,2022-03-25 07:04:00 EDT,3,0.75,0.0005,-0.0,-0.0005,12,true,-0.0011368782985645264,-0.0003326657419265361,0.0369,0.0038,9556.992,-89733.008,0.542,1,382.6470977438282,382.57088503044395,382.5539488719141,382.67250198162293,382.45140043201593,382.0119917989594,381.5885878357135,381.2413965858519,381.19058811026235,380.9958222871693
656,2022-09-08 11:45:00 EDT,3,0.75,0.0005,-0.0,-0.0005,12,true,-0.0011368782985645264,-0.0003326657419265361,0.0369,0.0038,9556.992,-89733.008,0.542,1,382.3744224040151,382.47049348577167,382.9790655759097,382.89268797992474,382.66234772396484,382.67396071186954,383.1614182785446,383.1614182785446,383.35336849184444,383.5357211944793
656,2022-12-19 05:42:00 EST,3,0.75,0.0005,-0.0,-0.0005,12,true,-0.0011368782985645264,-0.0003326657419265361,0.0369,0.0038,9556.992,-89733.008,0.542,1,382.6199,382.5889,382.62,382.48,382.48,382.43,382.45,382.6,382.6248,382.5
656,2023-04-17 06:41:00 EDT,3,0.75,0.0005,-0.0,-0.0005,12,true,-0.0011368782985645264,-0.0003326657419265361,0.0369,0.0038,9556.992,-89733.008,0.542,1,382.4700764995513,382.2706317591986,382.2118187520434,382.3123760071794,382.33714426098135,382.3680350044871,382.4329705013461,382.4805589440442,382.53491923141473,382.62777699192316
656,2024-08-01 14:14:00 EDT,3,0.75,0.0005,-0.0,-0.0005,12,true,-0.0011368782985645264,-0.0003326657419265361,0.0369,0.0038,9556.992,-89733.008,0.542,1,382.46433505189896,382.3582834949302,382.2888550756348,382.216881418972,381.99770820123666,382.0259886164284,382.4926154670906,382.5137550774464,382.5138257784843,382.44312474050514
712,2016-09-09 09:15:00 EDT,3,0.7143,0.0008,0.0008,0.0008,7,true,-0.0005203216858632266,-0.0001572550359021137,0.0355,0.0038,9521.45,-89743.55,0.542,1,380.8136543713076,380.72328442108204,380.8650412057496,380.8827608038331,380.8296020095827,380.81188241149925,380.8650412057496,380.7410040191655,380.6169668325813,380.81188241149925
712,2019-01-08 05:36:00 EST,3,0.7143,0.0008,0.0008,0.0008,7,true,-0.0005203216858632266,-0.0001572550359021137,0.0355,0.0038,9521.45,-89743.55,0.542,1,380.69416561323715,380.7315046776976,380.71656905191344,381.0563545385038,381.1974962021644,380.99287812892095,380.69416561323715,380.90326437421584,381.0078137547051,380.39545309755334
712,2019-02-07 07:03:00 EST,3,0.7143,0.0008,0.0008,0.0008,7,true,-0.0005203216858632266,-0.0001572550359021137,0.0355,0.0038,9521.45,-89743.55,0.542,1,380.9182,380.6628358435754,380.80484668834265,381.00346325445065,381.00332138547486,381.0458820782123,381.24449864432034,381.4431152104283,381.4431152104283,381.3438069273743
712,2020-02-24 07:12:00 EST,3,0.7143,0.0008,0.0008,0.0008,7,true,-0.0005203216858632266,-0.0001572550359021137,0.0355,0.0038,9521.45,-89743.55,0.542,1,381.0714075846508,380.97698072200006,380.8943572171807,380.79107783615655,380.63468334489136,380.569764876819,380.9651773641687,380.85894714368675,381.17763780513275,381.1186210159761
712,2022-12-19 06:38:00 EST,3,0.7143,0.0008,0.0008,0.0008,7,true,-0.0005203216858632266,-0.0001572550359021137,0.0355,0.0038,9521.45,-89743.55,0.542,1,380.9099,380.8284,380.86,380.49,380.72,380.85,380.92,380.912,381.165,381.2201
712,2022-12-22 08:36:00 EST,3,0.7143,0.0008,0.0008,0.0008,7,true,-0.0005203216858632266,-0.0001572550359021137,0.0355,0.0038,9521.45,-89743.55,0.542,1,380.78827384227185,380.96096693698485,381.13366003169796,381.2160447962934,381.5603135598125,381.46888780378794,381.56143098571954,381.7737419080432,381.69237298518135,381.80411557587803
712,2023-05-30 09:33:00 EDT,3,0.7143,0.0008,0.0008,0.0008,7,true,-0.0005203216858632266,-0.0001572550359021137,0.0355,0.0038,9521.45,-89743.55,0.542,1,381.0362972693234,381.2906606186354,381.2179853759748,381.0998881066514,381.19073215997713,381.1998165653097,381.1180569173165,381.00904405332574,381.0726348906537,381.0998881066514